# 地域名の定義
area_id <- c(
  27000,
  NA,
  NA,
  NA,
  NA,
  NA,
  NA,
  NA,
  NA,
  NA,
  NA,
  NA,

  27100,
  27102,
  27103,
  27104,
  27106,
  27107,
  27108,
  27109,
  27111,
  27113,
  27114,
  27115,
  27116,
  27117,
  27118,
  27119,
  27120,
  27121,

  27122,
  27123,
  27124,
  27125,
  27126,
  27127,
  27128,

  27140,
  27141,
  27142,
  27143,
  27144,
  27145,
  27146,
  27147,

  27202,
  27203,
  27204,
  27205,
  27206,
  27207,
  27208,
  27209,
  27210,
  27211,

  27212,
  27213,
  27214,
  27215,
  27216,
  27217,
  27218,
  27219,
  27220,
  27221,
  27222,
  27223,
  27224,
  27225,
  27226,
  27227,
  27228,
  27229,
  27230,
  27231,
  27232,

  27301,
  27321,
  27322,
  27341,
  27361,
  27362,
  27366,
  27381,
  27382,
  27383
)

##########################################################################
# 一意になる名称
##########################################################################
area_name <-
  c("大阪府全市町村",
    "大阪市地域",
    "北大阪地域",
    "三島地域",
    "豊能地域",
    "東大阪地域",
    "北河内地域",
    "中河内地域",
    "南河内地域",
    "泉州地域",
    "泉北地域",
    "泉南地域",
    "大阪市全区",
    "大阪市都島区",
    "大阪市福島区",
    "大阪市此花区",
    "大阪市西区",
    "大阪市港区",
    "大阪市大正区",
    "大阪市天王寺区",
    "大阪市浪速区",
    "大阪市西淀川区",
    "大阪市東淀川区",
    "大阪市東成区",
    "大阪市生野区",
    "大阪市旭区",
    "大阪市城東区",
    "大阪市阿倍野区",
    "大阪市住吉区",
    "大阪市東住吉区",
    "大阪市西成区",
    "大阪市淀川区",
    "大阪市鶴見区",
    "大阪市住之江区",
    "大阪市平野区",
    "大阪市北区",
    "大阪市中央区",
    "堺市全区",
    "堺市堺区",
    "堺市中区",
    "堺市東区",
    "堺市西区",
    "堺市南区",
    "堺市北区",
    "堺市美原区",
    "岸和田市",
    "豊中市",
    "池田市",
    "吹田市",
    "泉大津市",
    "高槻市",
    "貝塚市",
    "守口市",
    "枚方市",
    "茨木市",
    "八尾市",
    "泉佐野市",
    "富田林市",
    "寝屋川市",
    "河内長野市",
    "松原市",
    "大東市",
    "和泉市",
    "箕面市",
    "柏原市",
    "羽曳野市",
    "門真市",
    "摂津市",
    "高石市",
    "藤井寺市",
    "東大阪市",
    "泉南市",
    "四條畷市",
    "交野市",
    "大阪狭山市",
    "阪南市",
    "島本町",
    "豊能町",
    "能勢町",
    "忠岡町",
    "熊取町",
    "田尻町",
    "岬町",
    "太子町",
    "河南町",
    "千早赤阪村"
  )

cityID <- data.frame(area_id,area_name)


##########################################################################
# チェック用のフォーマット
##########################################################################
area_name_format <- c(
  "大阪府",
  "大阪市地域",
  "北大阪地域",
  "三島地域",
  "豊能地域",
  "東大阪地域",
  "北河内地域",
  "中河内地域",
  "南河内地域",
  "泉州地域",
  "泉北地域",
  "泉南地域",
  "大阪市",
  "都島区",
  "福島区",
  "此花区",
  "西区",
  "港区",
  "大正区",
  "天王寺区",
  "浪速区",
  "西淀川区",
  "東淀川区",
  "東成区",
  "生野区",
  "旭区",
  "城東区",
  "阿倍野区",
  "住吉区",
  "東住吉区",
  "西成区",
  "淀川区",
  "鶴見区",
  "住之江区",
  "平野区",
  "北区",
  "中央区",
  "堺市",
  "堺区",
  "中区",
  "東区",
  "西区",
  "南区",
  "北区",
  "美原区",
  "岸和田市",
  "豊中市",
  "池田市",
  "吹田市",
  "泉大津市",
  "高槻市",
  "貝塚市",
  "守口市",
  "枚方市",
  "茨木市",
  "八尾市",
  "泉佐野市",
  "富田林市",
  "寝屋川市",
  "河内長野市",
  "松原市",
  "大東市",
  "和泉市",
  "箕面市",
  "柏原市",
  "羽曳野市",
  "門真市",
  "摂津市",
  "高石市",
  "藤井寺市",
  "東大阪市",
  "泉南市",
  "四條畷市",
  "交野市",
  "大阪狭山市",
  "阪南市",
  "島本町",
  "豊能町",
  "能勢町",
  "忠岡町",
  "熊取町",
  "田尻町",
  "岬町",
  "太子町",
  "河南町",
  "千早赤阪村"
)



